16 16
1 1 1 1 1 1 1 1 1 1 1 1 1 1 1 1
1 1 1 1 1 1 1 1 1 1 1 1 1 1 1 1
1 1 1 1 1 1 1 1 1 1 1 1 1 1 1 1
1 1 1 1 1 1 1 1 1 1 1 1 c d 1 1
1 0 0 1 i i i i i i 1 0 e f 1 1
1 0 0 0 0 0 0 0 0 0 0 0 0 0 0 1
1 0 0 0 0 0 0 0 0 0 0 0 0 0 0 1
1 0 0 0 0 0 0 0 0 0 0 0 0 0 0 1
1 0 0 0 0 0 0 0 0 0 0 0 0 0 0 1
1 0 0 0 0 0 0 0 0 0 0 0 0 0 0 1
1 h h 0 0 0 0 0 0 0 0 0 1 1 1 1
1 h h 0 0 0 0 0 0 0 0 0 1 0 0 1
1 0 0 0 0 0 0 0 0 0 0 1 1 0 0 1
1 0 0 0 0 0 0 0 0 0 0 1 0 0 0 1
1 0 0 0 0 0 0 0 0 0 0 1 0 0 0 1
1 1 1 1 1 1 0 0 0 0 1 1 1 1 1 1